347.524 -61.4205 -90.4661 
354.309 -53.6244 -92.2993 
351.446 -59.7832 -99.4759 
353.913 -68.4907 -104.093 
352.506 -77.0829 -107.793 
356.625 -76.0467 -98.7932 
346.489 -73.2794 -99.1309 
344.179 -70.4224 -107.927 
342.357 -79.8927 -107.214 
346.812 -77.643 -115.864 
341.954 -69.6955 -117.36 
339.759 -60.2388 -117.324 
346.208 -61.3402 -110.285 
354.558 -54.9013 -109.865 
358.993 -63.2527 -110.955 
361.139 -73.5885 -110.396 
355.7 -77.8896 -118.242 
351.887 -69.1003 -113.639 
351.515 -60.8232 -119.14 
352.941 -70.148 -123.211 
362.362 -71.5251 -127.888 
361.561 -68.8612 -118.703 
361.312 -58.6003 -120.1 
355.093 -51.496 -118.284 
360.439 -46.1732 -110.268 
366.546 -51.2127 -103.036 
366.788 -52.9635 -112.78 
367.691 -62.5508 -114.533 
367.259 -66.7721 -105.633 
360.521 -60.0679 -102.634 
357.025 -50.4787 -101.695 
347.067 -52.4264 -104.795 
350.593 -45.678 -110.431 
347.98 -45.9324 -120.823 
345.43 -53.4555 -115.011 
338.178 -56.0308 -107.745 
341.5 -62.0178 -101.65 
333.265 -64.3381 -108.229 
335.128 -73.7396 -109.322 
335.355 -74.8248 -100.312