0.0328697 
0.0335618 
0.0342414 
0.0349112 
0.0355738 
0.0362316 
0.0368873 
0.0375435 
0.0382027 
0.0388676 
0.0395406 
0.0402244 
0.0409216 
0.0416346 
0.0423662 
0.0431188 
0.0438951 
0.0446976 
0.0455289 
0.0463916 
0.0472882 
0.0482214 
0.0491937 
0.0502076 
0.0512659 
0.0523709 
0.0535254 
0.0547319 
0.0559929 
0.0573111 
0.058689 
0.0601292 
0.0616342 
0.0632068 
0.0648493 
0.0665644 
0.0683548 
0.0702229 
0.0721713 
0.0742026 
0.0763194 
0.0785243 
0.0808198 
0.0832085 
0.085693 
0.0882759 
0.0909597 
0.0937471 
0.0966405 
0.0996427 
0.102756
0.102756 
0.102756 
0.102756 
0.102756  
