0.00126913 
0.00129749 
0.00132508 
0.00135204 
0.00137851 
0.00140461 
0.00143048 
0.00145625 
0.00148207 
0.00150805 
0.00153435 
0.00156108 
0.00158839 
0.00161641 
0.00164527 
0.00167511 
0.00170606 
0.00173825 
0.00177183 
0.00180691 
0.00184365 
0.00188217 
0.0019226 
0.00196508 
0.00200975 
0.00205673 
0.00210617 
0.0021582 
0.00221294 
0.00227054 
0.00233113 
0.00239484 
0.0024618 
0.00253216 
0.00260605 
0.00268359 
0.00276492 
0.00285019 
0.00293951 
0.00303303 
0.00313088 
0.00323319 
0.0033401 
0.00345174 
0.00356825 
0.00368976 
0.0038164 
0.00394832 
0.00408563 
0.00422848 
0.004377 
0.00453133 
0.00453133 
0.00453133 
0.00453133 
