0.0119035 
0.0121892 
0.0124653 
0.0127332 
0.0129942 
0.0132496 
0.0135008 
0.013749 
0.0139956 
0.0142419 
0.0144891 
0.0147387 
0.0149919 
0.01525 
0.0155143 
0.0157862 
0.016067 
0.016358 
0.0166604 
0.0169757 
0.0173051 
0.0176499 
0.0180115 
0.0183912 
0.0187902 
0.0192099 
0.0196517 
0.0201167 
0.0206064 
0.021122 
0.0216649 
0.0222364 
0.0228377 
0.0234703 
0.0241354 
0.0248343 
0.0255683 
0.0263388 
0.027147 
0.0279944 
0.0288821 
0.0298116 
0.030784 
0.0318008 
0.0328633 
0.0339727 
0.0351304 
0.0363377 
0.0375958 
0.0389062 
0.0402701 
0.0402701 
0.0402701 
0.0402701 
0.0402701 
