0.0213238 
0.0217762 
0.0222183 
0.0226522 
0.0230796 
0.0235026 
0.023923 
0.0243427 
0.0247636 
0.0251877 
0.0256168 
0.0260528 
0.0264977 
0.0269534 
0.0274218 
0.0279047 
0.0284041 
0.0289218 
0.0294599 
0.0300202 
0.0306046 
0.031215 
0.0318533 
0.0325215 
0.0332213 
0.0339549 
0.034724 
0.0355305 
0.0363764 
0.0372635 
0.0381939 
0.0391693 
0.0401917 
0.041263 
0.0423851 
0.0435599 
0.0447893 
0.0460753 
0.0474196 
0.0488243 
0.0502913 
0.0518224 
0.0534195 
0.0550847 
0.0568196 
0.0586264 
0.0605068 
0.0624629 
0.0644964 
0.0666093 
0.0688035
0.0688035
0.0688035
0.0688035
0.0688035 
